image_width: 640
image_height: 480
camera_name: cam_overhead
camera_matrix:
  rows: 3
  cols: 3
  data:
  - 550.7162638505052
  - 0.0
  - 307.89873838608827
  - 0.0
  - 552.715228513722
  - 254.71294828284272
  - 0.0
  - 0.0
  - 1.0
distortion_model: plumb_bob
distortion_coefficients:
  rows: 1
  cols: 5
  data:
  - 0.11377335293953393
  - -0.18485878814139803
  - 0.007767497753896979
  - -0.0024678150253641066
  - 0.07689382690840897
rectification_matrix:
  rows: 3
  cols: 3
  data:
  - 1.0
  - 0.0
  - 0.0
  - 0.0
  - 1.0
  - 0.0
  - 0.0
  - 0.0
  - 1.0
projection_matrix:
  rows: 3
  cols: 4
  data:
  - 564.2861938476562
  - 0.0
  - 305.8229341968945
  - 0.0
  - 0.0
  - 564.1083374023438
  - 257.5757226099686
  - 0.0
  - 0.0
  - 0.0
  - 1.0
  - 0.0
